0	0.25336	-0.00883088	-0.0569538
1	0.228609	0.0325899	-0.0895091
2	0.153692	0.00790925	-0.108517
3	0.135248	-0.00061898	-0.1252
4	0.102032	-0.0150649	-0.177407
5	0.093148	0.0356594	-0.202456
6	0.0577596	-0.000565212	-0.217013
7	0.0731499	-0.012195	-0.232868
8	0.0376226	0.00147015	-0.244591
9	0.0504385	-0.0405587	-0.23111
10	0.020272	-0.044414	-0.24464
11	0.0468436	0.0119746	-0.249967
12	0.0538263	0.0185325	-0.264175
13	0.0627067	0.0213323	-0.290482
14	0.0698258	-0.0156084	-0.259182
15	0.0609474	-0.0482904	-0.269965
16	0.0332842	-0.0383887	-0.29041
17	0.00182952	-0.0246539	-0.295956
18	0.0237941	-0.0293166	-0.281085
19	0.0283373	-0.0409464	-0.284281
20	0.0758582	-0.00955654	-0.32027
21	0.0807427	-0.0360791	-0.306224
22	0.0467748	-0.0245568	-0.344637
23	0.0671823	-0.0434607	-0.352649
24	0.0487421	-0.0108758	-0.347515
25	0.035795	-0.0356269	-0.334215
26	0.021965	-0.0317341	-0.322188
27	0.0214907	-0.0320626	-0.337624
28	0.0689463	-0.0328325	-0.336045
29	0.0620976	-0.0461204	-0.338759
30	0.0343002	-0.00092576	-0.331381
31	0.0246075	-0.0181498	-0.329649
32	0.0408104	-0.0263929	-0.327083
33	0.0644705	-0.0235985	-0.317308
34	0.0814199	-0.023997	-0.323107
35	0.103997	-0.030442	-0.339768
36	0.0980305	0.0063049	-0.325916
37	0.112131	-0.00861452	-0.323423
38	0.107519	-0.0352067	-0.357224
39	0.110638	-0.00859284	-0.368056
40	0.0966056	0.0252087	-0.357465
41	0.0604038	0.0175417	-0.326622
42	0.0569455	0.0400744	-0.325641
43	0.02244	0.00324665	-0.323627
44	-0.000138494	0.00646121	-0.33317
45	0.0251478	0.0116032	-0.315909
46	0.0198658	-0.0522103	-0.297807
47	0.0157956	-0.0364722	-0.311708
48	0.0501683	-0.0300543	-0.328796
49	0.067654	-0.0472563	-0.343202
50	0.0641299	-0.0301348	-0.330326
51	0.025624	-0.0588432	-0.343893
52	0.071724	-0.0577986	-0.344774
53	0.063723	-0.0340275	-0.363453
54	0.0503007	-0.0371558	-0.324625
55	0.052407	-0.0435095	-0.321193
56	0.0450843	-0.0296075	-0.334947
57	0.0351861	-0.0113014	-0.344864
58	0.0623018	0.00157769	-0.345929
59	0.0540317	-0.0263446	-0.332175
60	0.0195893	-0.0438375	-0.364575
61	0.0245399	-0.0514508	-0.386511
62	0.0305706	-0.0312277	-0.399254
63	0.0305726	-0.0704568	-0.377794
64	0.0635901	-0.0328917	-0.377472
65	0.0693525	-0.0262045	-0.362527
66	0.0630483	-0.00810308	-0.35746
67	0.0303704	-0.0195174	-0.351802
68	0.0568096	-0.0156138	-0.330179
69	0.0433175	-0.0216386	-0.324486
70	0.023388	-0.0324394	-0.334253
71	0.0278628	-0.0314057	-0.337345
72	0.0412824	-0.0365526	-0.363877
73	0.062503	-0.0589561	-0.34942
74	0.0482666	-0.0249499	-0.333242
75	0.0293494	-0.0430297	-0.330194
76	0.0552515	-0.0499648	-0.312626
77	0.0210158	-0.0471813	-0.295568
78	0.00731893	-0.0379365	-0.294136
79	0.019998	-0.041264	-0.321242
80	0.0555253	-0.0292253	-0.302135
81	0.0775562	-0.0458783	-0.327289
82	0.0582338	0.00794177	-0.312875
83	0.0831835	-0.0298497	-0.306329
84	0.0697584	-0.0365797	-0.29213
85	0.0563354	-0.0416462	-0.289702
86	0.0583687	-0.00788757	-0.304825
87	0.0308422	0.00239092	-0.323366
88	0.0209462	0.00898634	-0.335383
89	0.0213549	-0.0258277	-0.3237
90	0.0303739	-0.0163141	-0.321368
91	0.0676578	-0.0317233	-0.303097
92	0.0610149	-0.00797928	-0.319128
93	0.0757924	-0.0266514	-0.303628
94	0.0909798	-0.00797386	-0.327253
95	0.0509118	-0.0428146	-0.307636
96	0.0860289	-0.0348891	-0.323955
97	0.0856913	-0.0091368	-0.331686
98	0.124738	0.000899518	-0.347455
99	0.117078	-0.0229362	-0.356276
100	0.0789123	-0.0405587	-0.329222
101	0.0473872	-0.0375005	-0.311466
102	0.0120658	-0.0358745	-0.320153
103	0.0194564	-0.0508802	-0.298417
104	0.019592	-0.0484142	-0.322012
105	0.0679954	-0.0130779	-0.327015
106	0.030234	-0.0204165	-0.309748
107	0.0270462	-0.0124155	-0.329587
108	0.042101	-0.00247136	-0.316416
109	0.038505	-0.035476	-0.299057
110	0.0182993	-0.0641302	-0.314227
111	0.0628411	-0.0647225	-0.320237
112	0.0610107	-0.0411615	-0.324773
113	0.0375573	-0.0517201	-0.323069
114	0.0395221	-0.0374897	-0.320859
115	0.0641987	-0.0122972	-0.304756
116	0.0610142	-0.0110859	-0.315966
117	0.0741684	-0.0594034	-0.311104
118	0.0983706	-0.0749097	-0.309559
119	0.0658271	-0.0391857	-0.328909
120	0.0879266	-0.0293003	-0.335
121	0.0951153	-0.0160878	-0.341424
122	0.0736214	-0.0026164	-0.3676
123	0.0844013	0.00678967	-0.390526
124	0.0770124	-0.0461204	-0.363551
125	0.0801279	-0.0097341	-0.361736
126	0.107114	-0.028089	-0.348847
127	0.0857569	-0.0312439	-0.343757
128	0.11003	0.00844779	-0.337204
129	0.0841337	-0.0106499	-0.319581
130	0.0853522	-0.0234802	-0.328345
131	0.040201	-0.00102289	-0.345998
132	0.0496205	-0.0277818	-0.347317
133	0.0449464	-0.00283732	-0.327186
134	0.0437942	-0.0230279	-0.316248
135	0.0688778	-0.0173099	-0.313964
136	0.0696914	-0.0195174	-0.303274
137	0.0428455	-0.0336778	-0.268702
138	0.029016	-0.00863078	-0.294827
139	0.0460285	-0.0481124	-0.30128
140	0.0347772	-0.0869593	-0.296064
141	0.0465761	-0.0416842	-0.291903
142	0.0943678	-0.0405371	-0.312667
143	0.0886061	-0.0114035	-0.327608
144	0.061286	-0.0177138	-0.31533
145	0.0359994	-0.0316804	-0.322746
146	0.0496247	0.000726945	-0.311078
147	0.0452835	-0.00768291	-0.321919
148	0.0635205	-0.0117749	-0.32023
149	0.0578272	-0.0034834	-0.329473
