0	0.453702	0.010476	-0.196347
1	0.427243	0.00109833	-0.412347
2	0.390956	-0.032519	-0.553083
3	0.339014	-0.0679458	-0.619318
4	0.313314	-0.12351	-0.649337
5	0.30199	-0.143275	-0.665314
6	0.282258	-0.141347	-0.679116
7	0.271272	-0.107168	-0.689292
8	0.27975	-0.0897453	-0.683124
9	0.274052	-0.112822	-0.68834
10	0.266597	-0.177631	-0.685516
11	0.253578	-0.152153	-0.691295
12	0.247882	-0.105278	-0.692108
13	0.248426	-0.140087	-0.689605
14	0.249038	-0.133938	-0.687031
15	0.256832	-0.144227	-0.694428
16	0.250866	-0.134627	-0.693933
17	0.24951	-0.118394	-0.694814
18	0.237444	-0.131268	-0.689215
19	0.240496	-0.168607	-0.684813
20	0.237784	-0.166916	-0.684463
21	0.248088	-0.191694	-0.690131
22	0.238799	-0.155405	-0.692911
23	0.252559	-0.145315	-0.700271
24	0.259816	-0.12724	-0.689392
25	0.254461	-0.165608	-0.68844
26	0.252763	-0.143829	-0.695486
27	0.241236	-0.128489	-0.703582
28	0.250525	-0.121549	-0.698164
29	0.268494	-0.115164	-0.688655
30	0.279546	-0.0912312	-0.685799
31	0.270191	-0.09682	-0.686359
32	0.271002	-0.097186	-0.688162
33	0.253917	-0.0986074	-0.689184
34	0.244428	-0.132517	-0.684427
35	0.252293	-0.137971	-0.686641
36	0.250527	-0.07601	-0.695517
37	0.26002	-0.0666903	-0.687067
38	0.265987	-0.0496925	-0.68615
39	0.258663	-0.0792675	-0.689534
40	0.263003	-0.107448	-0.687139
41	0.26585	-0.109133	-0.69034
42	0.257238	-0.0820402	-0.698051
43	0.253239	-0.0928894	-0.694285
44	0.252763	-0.115266	-0.697773
45	0.260089	-0.0887007	-0.686643
46	0.256631	-0.0877207	-0.687595
47	0.258325	-0.116731	-0.689706
48	0.265374	-0.087236	-0.694182
49	0.279749	-0.129071	-0.68471
50	0.268086	-0.129695	-0.691014
51	0.266052	-0.128005	-0.693828
52	0.260834	-0.118615	-0.689741
53	0.27975	-0.120123	-0.684707
54	0.278191	-0.124866	-0.685092
55	0.263071	-0.110765	-0.68777
56	0.260428	-0.0930511	-0.687346
57	0.269107	-0.110334	-0.683788
58	0.266867	-0.109979	-0.690516
59	0.266797	-0.0861268	-0.696048
60	0.265576	-0.0832624	-0.69802
61	0.265442	-0.111061	-0.693407
62	0.267408	-0.104514	-0.692947
63	0.26273	-0.0935355	-0.695517
64	0.277175	-0.0974232	-0.680339
65	0.262052	-0.141961	-0.694813
66	0.265173	-0.149256	-0.688755
67	0.267615	-0.129281	-0.6827
68	0.269104	-0.152616	-0.690308
69	0.273916	-0.127741	-0.690067
70	0.288563	-0.118432	-0.683829
71	0.278259	-0.129351	-0.679392
72	0.269713	-0.0967229	-0.690732
73	0.278326	-0.11084	-0.681085
74	0.278936	-0.111029	-0.682564
75	0.28836	-0.114873	-0.678585
76	0.283409	-0.129706	-0.68795
77	0.277511	-0.119519	-0.687562
78	0.261103	-0.134687	-0.692634
79	0.264086	-0.12093	-0.694813
80	0.268154	-0.0729034	-0.694459
81	0.269647	-0.0782446	-0.688509
82	0.264425	-0.0798382	-0.693759
83	0.264628	-0.0814588	-0.692142
84	0.271476	-0.117888	-0.689077
85	0.266934	-0.117694	-0.690449
86	0.269442	-0.130864	-0.692069
87	0.283614	-0.104605	-0.68404
88	0.284155	-0.0717459	-0.688758
89	0.27534	-0.0966529	-0.692984
90	0.278934	-0.106851	-0.689254
91	0.277239	-0.112245	-0.690658
92	0.272902	-0.150565	-0.687414
93	0.263071	-0.127246	-0.692344
94	0.265239	-0.16592	-0.693438
95	0.248155	-0.144373	-0.691292
96	0.251817	-0.142822	-0.689602
97	0.264222	-0.13067	-0.692912
98	0.268563	-0.116542	-0.687172
99	0.271545	-0.154317	-0.688122
100	0.272086	-0.132743	-0.689679
101	0.274799	-0.124193	-0.688617
102	0.267678	-0.123321	-0.698474
103	0.271884	-0.141912	-0.691993
104	0.272495	-0.19612	-0.686785
105	0.267545	-0.19773	-0.691924
106	0.256629	-0.214797	-0.691117
107	0.251613	-0.226093	-0.689639
108	0.266052	-0.170712	-0.694005
109	0.274664	-0.191963	-0.686294
110	0.265985	-0.149375	-0.689321
111	0.275613	-0.128737	-0.686366
112	0.274257	-0.118744	-0.686717
113	0.276696	-0.109903	-0.689289
114	0.272766	-0.0848672	-0.687559
115	0.272359	-0.107577	-0.687808
116	0.274801	-0.0968255	-0.681927
117	0.277985	-0.118669	-0.68971
118	0.269036	-0.137492	-0.688796
119	0.271139	-0.135365	-0.686785
120	0.266187	-0.135133	-0.69545
121	0.257376	-0.115821	-0.689988
122	0.254798	-0.0640088	-0.692842
123	0.26863	-0.0979075	-0.688511
124	0.257305	-0.0770275	-0.698866
125	0.261781	-0.10769	-0.692807
126	0.280836	-0.124683	-0.682872
127	0.284565	-0.118394	-0.680056
128	0.267886	-0.131483	-0.684354
129	0.27141	-0.125114	-0.685799
130	0.258597	-0.131537	-0.685906
131	0.274663	-0.123924	-0.691926
132	0.278258	-0.169969	-0.682387
133	0.27107	-0.183456	-0.686155
134	0.276222	-0.148788	-0.690483
135	0.271003	-0.124333	-0.687277
136	0.266865	-0.159023	-0.695273
137	0.269646	-0.167934	-0.690976
138	0.277919	-0.10474	-0.682385
139	0.270529	-0.124139	-0.684428
140	0.267069	-0.135214	-0.690134
141	0.266596	-0.117124	-0.686751
142	0.272766	-0.12576	-0.688614
143	0.274191	-0.146478	-0.686253
144	0.269579	-0.163201	-0.690693
145	0.268902	-0.190348	-0.687698
146	0.258189	-0.156584	-0.688265
147	0.270594	-0.156762	-0.69228
148	0.274664	-0.124721	-0.687172
149	0.278532	-0.139113	-0.677168
